/bdd/IAGOS/netcdf/201802/IAGOS_timeseries_2018022201534203_L2_3.1.3.nc4
